1
Clef du jour : (1, 2, 0) (11, 2, 20) + [(22, 13), (21, 3), (9, 24), (2, 18), (14, 6), (8, 19)]
Clefs possibles : [((0, 1, 2), (7, 12, 16)), ((0, 2, 1), (15, 3, 4)), ((1, 2, 0), (11, 2, 20)), ((1, 2, 0), (20, 13, 24)), ((1, 2, 0), (24, 15, 3)), ((2, 1, 0), (4, 10, 16)), ((2, 1, 0), (11, 18, 2)), ((2, 1, 0), (20, 9, 4)), ((2, 0, 1), (24, 13, 15))]

2
Clef du jour : (1, 0, 2) (3, 20, 7) + [(16, 18), (15, 19), (3, 9), (25, 12), (21, 8), (1, 17)]
Clefs possibles : [((0, 2, 1), (13, 10, 7)), ((1, 0, 2), (3, 20, 7)), ((1, 0, 2), (18, 0, 14)), ((1, 2, 0), (17, 5, 20))]

3
Clef du jour : (0, 2, 1) (10, 12, 23) + [(14, 7), (22, 9), (16, 15), (24, 8), (4, 19), (1, 2)]
Clefs possibles : [((0, 2, 1), (10, 12, 23))]

4
Clef du jour : (0, 2, 1) (11, 12, 0) + [(15, 3), (11, 18), (25, 22), (21, 23), (19, 9), (1, 16)]
Clefs possibles : [((0, 1, 2), (12, 7, 2)), ((0, 2, 1), (11, 12, 0)), ((1, 0, 2), (23, 2, 10)), ((1, 2, 0), (19, 10, 17)), ((2, 1, 0), (13, 19, 7)), ((2, 0, 1), (25, 6, 8))]

5
Clef du jour : (0, 2, 1) (15, 11, 16) + [(18, 3), (25, 6), (15, 8), (17, 24), (23, 9), (11, 14)]
Clefs possibles : [((0, 1, 2), (19, 14, 5)), ((0, 1, 2), (23, 15, 13)), ((0, 2, 1), (7, 18, 7)), ((0, 2, 1), (15, 11, 16)), ((0, 2, 1), (15, 19, 22)), ((1, 0, 2), (7, 6, 0)), ((1, 0, 2), (16, 3, 11)), ((1, 0, 2), (24, 13, 11)), ((1, 2, 0), (5, 5, 15)), ((1, 2, 0), (9, 12, 20)), ((2, 1, 0), (23, 12, 17)), ((2, 1, 0), (23, 21, 5)), ((2, 0, 1), (1, 16, 9)), ((2, 0, 1), (2, 8, 20))]

6
Clef du jour : (2, 1, 0) (2, 15, 23) + [(8, 19), (7, 1), (13, 15), (3, 23), (16, 21), (11, 10)]
Clefs possibles : [((2, 1, 0), (2, 15, 23))]

7
Clef du jour : (0, 1, 2) (15, 20, 24) + [(11, 10), (17, 6), (13, 14), (7, 25), (9, 12), (19, 5)]
Clefs possibles : [((0, 1, 2), (15, 20, 24)), ((2, 0, 1), (25, 13, 9))]

8
Clef du jour : (2, 1, 0) (7, 16, 0) + [(14, 1), (6, 17), (20, 9), (24, 2), (16, 5), (4, 7)]
Clefs possibles : [((0, 1, 2), (14, 22, 19)), ((1, 2, 0), (12, 22, 9)), ((2, 1, 0), (7, 16, 0)), ((2, 0, 1), (12, 15, 0))]

9
Clef du jour : (1, 0, 2) (3, 3, 5) + [(10, 11), (6, 19), (17, 0), (9, 15), (21, 14), (12, 16)]
Clefs possibles : [((1, 0, 2), (3, 3, 5)), ((2, 1, 0), (23, 1, 7))]

10
Clef du jour : (0, 1, 2) (15, 1, 22) + [(20, 15), (18, 5), (9, 14), (21, 10), (8, 7), (4, 2)]
Clefs possibles : [((0, 1, 2), (3, 17, 11)), ((0, 1, 2), (8, 18, 13)), ((0, 1, 2), (15, 1, 22)), ((0, 1, 2), (23, 20, 5)), ((0, 2, 1), (1, 5, 20)), ((0, 2, 1), (1, 19, 8)), ((0, 2, 1), (7, 19, 16)), ((0, 2, 1), (20, 22, 21)), ((1, 0, 2), (13, 10, 17)), ((1, 0, 2), (21, 15, 18)), ((1, 0, 2), (21, 21, 25)), ((1, 2, 0), (1, 13, 13)), ((1, 2, 0), (17, 8, 15)), ((2, 1, 0), (0, 0, 2)), ((2, 1, 0), (6, 0, 22)), ((2, 1, 0), (18, 13, 25)), ((2, 1, 0), (19, 13, 2)), ((2, 0, 1), (10, 2, 18)), ((2, 0, 1), (14, 15, 25)), ((2, 0, 1), (20, 19, 7)), ((2, 0, 1), (22, 10, 16)), ((2, 0, 1), (24, 13, 4))]

11
Clef du jour : (2, 1, 0) (13, 20, 9) + [(19, 25), (21, 18), (9, 0), (7, 23), (10, 16), (5, 3)]
Clefs possibles : [((2, 1, 0), (13, 20, 9))]

12
Clef du jour : (2, 0, 1) (11, 25, 1) + [(12, 15), (2, 11), (18, 16), (3, 17), (13, 9), (24, 4)]
Clefs possibles : [((0, 2, 1), (12, 19, 6)), ((2, 0, 1), (11, 25, 1))]

13
Clef du jour : (2, 1, 0) (14, 8, 15) + [(5, 19), (10, 7), (4, 2), (16, 12), (18, 17), (20, 9)]
Clefs possibles : [((0, 1, 2), (16, 13, 20)), ((0, 1, 2), (16, 18, 17)), ((0, 2, 1), (2, 3, 25)), ((0, 2, 1), (5, 1, 2)), ((0, 2, 1), (8, 13, 11)), ((0, 2, 1), (10, 17, 13)), ((0, 2, 1), (11, 19, 20)), ((0, 2, 1), (12, 17, 24)), ((0, 2, 1), (21, 6, 3)), ((1, 0, 2), (6, 24, 25)), ((1, 0, 2), (13, 1, 25)), ((1, 0, 2), (14, 7, 13)), ((1, 0, 2), (16, 9, 16)), ((1, 0, 2), (19, 24, 7)), ((1, 0, 2), (20, 1, 13)), ((1, 0, 2), (20, 4, 9)), ((1, 0, 2), (21, 8, 2)), ((1, 0, 2), (22, 18, 20)), ((1, 2, 0), (1, 16, 14)), ((1, 2, 0), (4, 18, 12)), ((1, 2, 0), (7, 22, 7)), ((1, 2, 0), (13, 7, 15)), ((1, 2, 0), (15, 18, 4)), ((1, 2, 0), (22, 9, 13)), ((2, 1, 0), (1, 16, 18)), ((2, 1, 0), (12, 1, 6)), ((2, 1, 0), (14, 8, 15)), ((2, 1, 0), (21, 25, 9)), ((2, 1, 0), (23, 2, 16)), ((2, 0, 1), (0, 8, 19)), ((2, 0, 1), (9, 13, 0)), ((2, 0, 1), (12, 10, 0)), ((2, 0, 1), (15, 16, 20)), ((2, 0, 1), (16, 10, 6)), ((2, 0, 1), (22, 5, 12)), ((2, 0, 1), (23, 7, 16))]

14
Clef du jour : (2, 1, 0) (25, 10, 12) + [(16, 6), (15, 7), (21, 14), (24, 12), (1, 4), (22, 25)]
Clefs possibles : [((0, 1, 2), (3, 25, 25)), ((0, 1, 2), (6, 6, 5)), ((0, 1, 2), (10, 8, 12)), ((0, 2, 1), (21, 9, 1)), ((0, 2, 1), (23, 11, 21)), ((0, 2, 1), (25, 25, 20)), ((1, 0, 2), (2, 11, 14)), ((1, 0, 2), (4, 7, 7)), ((1, 0, 2), (19, 6, 11)), ((1, 2, 0), (8, 6, 9)), ((1, 2, 0), (15, 9, 25)), ((1, 2, 0), (21, 14, 15)), ((1, 2, 0), (24, 6, 23)), ((2, 1, 0), (8, 22, 20)), ((2, 1, 0), (19, 20, 19)), ((2, 1, 0), (23, 8, 6)), ((2, 1, 0), (25, 10, 12)), ((2, 0, 1), (8, 17, 19)), ((2, 0, 1), (23, 12, 15)), ((2, 0, 1), (25, 22, 22))]

15
Clef du jour : (1, 2, 0) (8, 17, 22) + [(23, 18), (3, 25), (19, 4), (15, 13), (20, 1), (2, 10)]
Clefs possibles : [((0, 1, 2), (16, 1, 14)), ((0, 1, 2), (24, 12, 7)), ((0, 2, 1), (6, 23, 12)), ((0, 2, 1), (9, 15, 15)), ((1, 2, 0), (3, 14, 6)), ((1, 2, 0), (8, 17, 22)), ((2, 1, 0), (8, 18, 25)), ((2, 0, 1), (24, 6, 12))]

16
Clef du jour : (1, 2, 0) (8, 3, 23) + [(20, 9), (17, 21), (2, 3), (16, 22), (24, 4), (15, 6)]
Clefs possibles : [((0, 1, 2), (6, 7, 4)), ((0, 1, 2), (12, 22, 23)), ((0, 1, 2), (22, 25, 1)), ((0, 2, 1), (7, 9, 12)), ((0, 2, 1), (14, 13, 8)), ((0, 2, 1), (23, 25, 3)), ((1, 0, 2), (0, 21, 0)), ((1, 0, 2), (1, 11, 13)), ((1, 0, 2), (2, 7, 23)), ((1, 0, 2), (6, 19, 16)), ((1, 0, 2), (7, 3, 6)), ((1, 0, 2), (10, 25, 20)), ((1, 0, 2), (12, 14, 25)), ((1, 0, 2), (13, 21, 1)), ((1, 0, 2), (18, 3, 24)), ((1, 0, 2), (24, 1, 15)), ((1, 2, 0), (3, 1, 16)), ((1, 2, 0), (8, 3, 23)), ((1, 2, 0), (9, 5, 0)), ((1, 2, 0), (9, 8, 25)), ((1, 2, 0), (11, 7, 8)), ((1, 2, 0), (15, 19, 5)), ((1, 2, 0), (16, 17, 0)), ((1, 2, 0), (19, 19, 23)), ((2, 0, 1), (13, 19, 8)), ((2, 0, 1), (18, 4, 18)), ((2, 0, 1), (19, 14, 9))]

17
Clef du jour : (2, 0, 1) (9, 1, 18) + [(22, 12), (16, 8), (5, 13), (7, 20), (0, 25), (24, 17)]
Clefs possibles : [((1, 0, 2), (7, 25, 25)), ((2, 1, 0), (1, 22, 12)), ((2, 0, 1), (9, 1, 18))]

18
Clef du jour : (0, 2, 1) (14, 21, 24) + [(6, 0), (16, 19), (23, 12), (9, 7), (4, 5), (25, 13)]
Clefs possibles : [((0, 2, 1), (14, 21, 24)), ((2, 1, 0), (20, 21, 12))]

19
Clef du jour : (0, 1, 2) (12, 20, 15) + [(9, 25), (14, 12), (7, 2), (15, 23), (13, 3), (4, 22)]
Clefs possibles : [((0, 1, 2), (0, 14, 5)), ((0, 1, 2), (1, 6, 22)), ((0, 1, 2), (4, 5, 3)), ((0, 1, 2), (4, 16, 20)), ((0, 1, 2), (6, 6, 9)), ((0, 1, 2), (6, 24, 17)), ((0, 1, 2), (12, 20, 15)), ((0, 1, 2), (16, 1, 25)), ((0, 1, 2), (17, 0, 24)), ((0, 1, 2), (21, 10, 25)), ((0, 2, 1), (0, 13, 17)), ((0, 2, 1), (1, 24, 7)), ((0, 2, 1), (6, 22, 8)), ((0, 2, 1), (6, 23, 8)), ((0, 2, 1), (7, 3, 21)), ((0, 2, 1), (8, 17, 16)), ((0, 2, 1), (12, 3, 15)), ((0, 2, 1), (12, 6, 19)), ((0, 2, 1), (16, 19, 21)), ((0, 2, 1), (17, 15, 15)), ((0, 2, 1), (17, 22, 6)), ((0, 2, 1), (24, 9, 22)), ((1, 0, 2), (3, 5, 8)), ((1, 0, 2), (8, 1, 3)), ((1, 0, 2), (10, 22, 16)), ((1, 0, 2), (10, 24, 23)), ((1, 0, 2), (20, 15, 8)), ((1, 0, 2), (24, 4, 1)), ((1, 2, 0), (5, 15, 19)), ((1, 2, 0), (7, 16, 25)), ((1, 2, 0), (12, 20, 12)), ((1, 2, 0), (14, 12, 21)), ((2, 1, 0), (7, 17, 5)), ((2, 1, 0), (10, 6, 25)), ((2, 1, 0), (11, 23, 0)), ((2, 1, 0), (22, 7, 20)), ((2, 0, 1), (2, 2, 12)), ((2, 0, 1), (3, 6, 15)), ((2, 0, 1), (6, 11, 21)), ((2, 0, 1), (8, 11, 11)), ((2, 0, 1), (8, 14, 19)), ((2, 0, 1), (14, 12, 9)), ((2, 0, 1), (14, 18, 2)), ((2, 0, 1), (16, 18, 6)), ((2, 0, 1), (17, 14, 4)), ((2, 0, 1), (19, 13, 1)), ((2, 0, 1), (20, 24, 12)), ((2, 0, 1), (22, 17, 2)), ((2, 0, 1), (25, 3, 15))]

20
Clef du jour : (2, 1, 0) (19, 1, 0) + [(6, 21), (17, 7), (11, 0), (8, 16), (20, 14), (19, 12)]
Clefs possibles : [((2, 1, 0), (19, 1, 0))]

