1 American_Gothic.jpg
9953920098715345549100144667883056
1248152258557872392699939436855045

2 Bacon.jpg
390504214054574567640
240343765249795181161

3 Dali.jpg
47680833641579965570097891028591951574544012279088000
22711207890727028073116834143857728227195195353014323

4 Escher_Waterfall.jpg
1011973714005892944
303179858834485217

5 Fuseli.jpg
6851332664930947830
6235627726332975015

6 Goya.jpg
25222940645566081716567914012811828000
13423205368489861080632178430998621700

7 Hopper.jpg
236700850642891608689813130056308845771120
49582534273700907791496099863541103249876

8 Magritte.jpg
75787527457262471994782100
56621234482091851813055628

9 Manet.jpg
170015935724154789609770892
11112791573980123762982545

10 MichelAnge.png
2076886151247802551606937987858119465881389440
2030548781094769664930829099977744729338294921

11 Picasso.jpg
4701528878225422442300020920
3059308421305795324617780956

12 Rembrandt.jpg
1507014874949205167286204822960
684826201775630418033519065312

13 Rembrandt2.jpg
79888616563223221155277234238880
32073331936159050194739085016509

14 Scream.jpg
1173272357786454377022324600
1168864054094502085839881899

15 Venus_Botticelli.jpg
11639996147785772536554831173139464017085520
6349054425656040861264857130027912788322781

16 Vermeer.jpg
144627086743959054068557521017220
103083040411583974717683151439000

17 Chagall.jpg
136878997825422270
7316711472716585

